{
  "asset": {
    "version": "2.0",
    "generator": "GLTFExporter"
  },
  "scenes": [
    {
      "name": "AuxScene",
      "nodes": [
        66
      ]
    }
  ],
  "scene": 0,
  "nodes": [
    {
      "translation": [
        0,
        0.2852334976196289,
        0.1350003220140934
      ],
      "name": "mixamorigHeadTop_End",
      "extras": {
        "transformData": {
          "eulerOrder": "ZYX",
          "translation": [
            0,
            0.2852334976196289,
            0.1350003220140934
          ],
          "parentMatrixWorld": {
            "elements": [
              1,
              3.6090888961206154e-30,
              0,
              0,
              -3.6090888961206154e-30,
              1,
              0,
              0,
              0,
              0,
              1,
              0,
              0,
              0.13611960411071777,
              0.06442507728934288,
              1
            ]
          }
        }
      }
    },
    {
      "rotation": [
        0,
        0,
        1.8045444480603077e-30,
        1
      ],
      "translation": [
        0,
        0.13611960411071777,
        0.06442507728934288
      ],
      "name": "mixamorigHead",
      "extras": {
        "transformData": {
          "eulerOrder": "ZYX",
          "translation": [
            0,
            0.13611960411071777,
            0.06442507728934288
          ],
          "parentMatrixWorld": {
            "elements": [
              1,
              -4.608828340178067e-13,
              4.065097334108685e-14,
              0,
              4.547474293401564e-13,
              0.9952628289055648,
              0.09722088923206583,
              0,
              -8.526584213143202e-14,
              -0.09722088923206583,
              0.9952628289055648,
              0,
              0,
              0.22075610875725893,
              9.551384530515072e-9,
              1
            ]
          }
        }
      },
      "children": [
        0
      ]
    },
    {
      "rotation": [
        0.048668116331100464,
        -3.1516550979236724e-14,
        -2.2917914311096355e-13,
        0.9988150000572205
      ],
      "translation": [
        0,
        0.22075610875725893,
        9.551384530515072e-9
      ],
      "scale": [
        1,
        0.9999999999999999,
        0.9999999999999999
      ],
      "name": "mixamorigNeck",
      "extras": {
        "transformData": {
          "eulerOrder": "ZYX",
          "translation": [
            0,
            0.22075610875725893,
            9.551384530515072e-9
          ],
          "preRotation": [
            5.579159770097531,
            0,
            0
          ],
          "parentMatrixWorld": {
            "elements": [
              1,
              -7.573064690121713e-29,
              -5.2548689280034496e-46,
              0,
              7.573064690121713e-29,
              1,
              1.3877786980633844e-17,
              0,
              -5.2548689280034496e-46,
              -1.3877786980633844e-17,
              1,
              0,
              0,
              0.1962276567249568,
              -2.1290351426284104e-10,
              1
            ]
          }
        }
      },
      "children": [
        1
      ]
    },
    {
      "rotation": [
        8.136588425666673e-9,
        -2.775557631554215e-17,
        -2.775557586387076e-17,
        1
      ],
      "translation": [
        0.009006706697089584,
        0.027927638883816774,
        -7.084238751176031e-10
      ],
      "name": "mixamorigLeftHandThumb4",
      "extras": {
        "transformData": {
          "eulerOrder": "ZYX",
          "translation": [
            0.009006706697089584,
            0.027927638883816774,
            -7.084238751176031e-10
          ],
          "preRotation": [
            9.323843528513907e-7,
            -3.1805547357888013e-15,
            -3.1805547357888013e-15
          ],
          "parentMatrixWorld": {
            "elements": [
              0.9418235504046351,
              0.3335523124689267,
              0.041367321930211115,
              0,
              -0.3332874760187231,
              0.9427308048630152,
              -0.013344978692001713,
              0,
              -0.043449497190592073,
              -0.0012185950321730032,
              0.9990548814901785,
              0,
              -0.0010531335211210746,
              0.03922708405158404,
              1.1616313466689121e-10,
              1
            ]
          }
        }
      }
    },
    {
      "rotation": [
        -0.0030766886193305254,
        -0.021519601345062256,
        0.16918963193893433,
        0.9853437542915344
      ],
      "translation": [
        -0.0010531335211210746,
        0.03922708405158404,
        1.1616313466689121e-10
      ],
      "name": "mixamorigLeftHandThumb3",
      "extras": {
        "transformData": {
          "eulerOrder": "ZYX",
          "translation": [
            -0.0010531335211210746,
            0.03922708405158404,
            1.1616313466689121e-10
          ],
          "preRotation": [
            -17.22173607028922,
            0,
            -3.1805546814635176e-15
          ],
          "parentMatrixWorld": {
            "elements": [
              0.9908669876787246,
              0.13434417357672263,
              0.011586881325582658,
              0,
              -0.13435692642703914,
              0.9909329494223057,
              0.0003257824419910168,
              0,
              -0.011438055514155282,
              -0.0018795848232382934,
              0.9999328167669169,
              0,
              -0.007953575517825329,
              0.04870483742477627,
              -6.462591572997667e-11,
              1
            ]
          }
        }
      },
      "children": [
        3
      ]
    },
    {
      "rotation": [
        0.00055260508088395,
        -0.005769423209130764,
        0.06732919067144394,
        0.9977139830589294
      ],
      "translation": [
        -0.007953575517825329,
        0.04870483742477627,
        -6.462591572997667e-11
      ],
      "scale": [
        1,
        0.9999999999999999,
        0.9999999999999999
      ],
      "name": "mixamorigLeftHandThumb2",
      "extras": {
        "transformData": {
          "eulerOrder": "ZYX",
          "translation": [
            -0.007953575517825329,
            0.04870483742477627,
            -6.462591572997667e-11
          ],
          "preRotation": [
            6.945543204053254,
            0,
            0
          ],
          "parentMatrixWorld": {
            "elements": [
              0.9130085767935631,
              0.4079402981623548,
              -0.00022027062911700312,
              0,
              -0.36947425568535097,
              0.8271466244011108,
              0.4234586515065828,
              0,
              0.17292804795549177,
              -0.3865399957122506,
              0.9059154035323188,
              0,
              -0.029760275351375827,
              0.05089605089604787,
              0.01814574296112481,
              1
            ]
          }
        }
      },
      "children": [
        4
      ]
    },
    {
      "rotation": [
        0.2121005356311798,
        0.045339398086071014,
        0.20356829464435577,
        0.9547343254089355
      ],
      "translation": [
        -0.029760275351375827,
        0.05089605089604787,
        0.01814574296112481
      ],
      "name": "mixamorigLeftHandThumb1",
      "extras": {
        "transformData": {
          "eulerOrder": "ZYX",
          "translation": [
            -0.029760275351375827,
            0.05089605089604787,
            0.01814574296112481
          ],
          "preRotation": [
            17.340670339680766,
            2.6610267340709694e-7,
            20.60798932817459
          ],
          "parentMatrixWorld": {
            "elements": [
              0.9903692052734264,
              -0.07918792901804347,
              0.11356984140257703,
              0,
              0.07498506629768234,
              0.9963488258223594,
              0.04081981152878611,
              0,
              -0.11638761450732364,
              -0.03191064209236071,
              0.9926911069952129,
              0,
              -5.976608097313374e-11,
              0.3714289366282657,
              -2.8628364123761685e-9,
              1
            ]
          }
        }
      },
      "children": [
        5
      ]
    },
    {
      "rotation": [
        -4.502390853152637e-9,
        -5.551115180130809e-17,
        1.3877787684773316e-17,
        1
      ],
      "translation": [
        -0.00047000550585517276,
        0.022399790526243857,
        2.9296255699140517e-10
      ],
      "name": "mixamorigLeftHandIndex4",
      "extras": {
        "transformData": {
          "eulerOrder": "ZYX",
          "translation": [
            -0.00047000550585517276,
            0.022399790526243857,
            2.9296255699140517e-10
          ],
          "preRotation": [
            -5.159359872079041e-7,
            -6.361109421089933e-15,
            1.5902773552724832e-15
          ],
          "parentMatrixWorld": {
            "elements": [
              0.999655222108436,
              -0.026205375847352132,
              0.0016477869051617377,
              0,
              0.0262053508522844,
              0.9996565801558668,
              0.00003676118169596053,
              0,
              -0.0016481843630146687,
              0.000006432325871130219,
              0.9999986417225698,
              0,
              0.00010193882832092854,
              0.025685271065588378,
              2.629705064816079e-10,
              1
            ]
          }
        }
      }
    },
    {
      "rotation": [
        0.000007582867510791402,
        -0.0008240638417191803,
        -0.01310381107032299,
        0.9999138116836548
      ],
      "translation": [
        0.00010193882832092854,
        0.025685271065588378,
        2.629705064816079e-10
      ],
      "name": "mixamorigLeftHandIndex3",
      "extras": {
        "transformData": {
          "eulerOrder": "ZYX",
          "translation": [
            0.00010193882832092854,
            0.025685271065588378,
            2.629705064816079e-10
          ],
          "preRotation": [
            10.221610959520246,
            -3.1805546814635168e-15,
            -2.7332891793827095e-16
          ],
          "parentMatrixWorld": {
            "elements": [
              0.9999386507737513,
              -0.011033192657165949,
              -0.0009815055946758371,
              0,
              0.011033202184484343,
              0.9999391323654483,
              0.0000042926299257399115,
              0,
              0.0009813984913430922,
              -0.000015121515835070017,
              0.9999995183140727,
              0,
              0.00036806620571163545,
              0.026770603904159085,
              1.6309648076529015e-10,
              1
            ]
          }
        }
      },
      "children": [
        7
      ]
    },
    {
      "rotation": [
        0.0000048536107897234615,
        0.0004907335387542844,
        -0.005516683217138052,
        0.9999846816062927
      ],
      "translation": [
        0.00036806620571163545,
        0.026770603904159085,
        1.6309648076529015e-10
      ],
      "scale": [
        1,
        0.9999999999999999,
        0.9999999999999999
      ],
      "name": "mixamorigLeftHandIndex2",
      "extras": {
        "transformData": {
          "eulerOrder": "ZYX",
          "translation": [
            0.00036806620571163545,
            0.026770603904159085,
            1.6309648076529015e-10
          ],
          "preRotation": [
            5.973336634635398,
            0,
            1.987846675914698e-16
          ],
          "parentMatrixWorld": {
            "elements": [
              0.9954370131602506,
              0.0945142175023561,
              0.013123076112721536,
              0,
              -0.09405406172218078,
              0.9950491068165539,
              -0.03211087152041089,
              0,
              -0.016093039187896313,
              0.030730071365967428,
              0.9993981572684588,
              0,
              -0.04953980237211339,
              0.18272447750551768,
              -0.003071216436203672,
              1
            ]
          }
        }
      },
      "children": [
        8
      ]
    },
    {
      "rotation": [
        -0.01573013886809349,
        -0.0073132822290062904,
        0.047201793640851974,
        0.998734712600708
      ],
      "translation": [
        -0.04953980237211339,
        0.18272447750551768,
        -0.003071216436203672
      ],
      "scale": [
        0.9999999999999999,
        1,
        1
      ],
      "name": "mixamorigLeftHandIndex1",
      "extras": {
        "transformData": {
          "eulerOrder": "ZYX",
          "translation": [
            -0.04953980237211339,
            0.18272447750551768,
            -0.003071216436203672
          ],
          "preRotation": [
            26.270696186084848,
            -0.000002241429586802787,
            -0.00619093339421502
          ],
          "parentMatrixWorld": {
            "elements": [
              0.9903692052734264,
              -0.07918792901804347,
              0.11356984140257703,
              0,
              0.07498506629768234,
              0.9963488258223594,
              0.04081981152878611,
              0,
              -0.11638761450732364,
              -0.03191064209236071,
              0.9926911069952129,
              0,
              -5.976608097313374e-11,
              0.3714289366282657,
              -2.8628364123761685e-9,
              1
            ]
          }
        }
      },
      "children": [
        9
      ]
    },
    {
      "rotation": [
        -4.823674033634303e-10,
        6.694192529091167e-27,
        -1.3877787931800936e-17,
        1
      ],
      "translation": [
        0.00008859493504633983,
        0.02346445530892316,
        1.5538903497258616e-11
      ],
      "name": "mixamorigLeftHandMiddle4",
      "extras": {
        "transformData": {
          "eulerOrder": "ZYX",
          "translation": [
            0.00008859493504633983,
            0.02346445530892316,
            1.5538903497258616e-11
          ],
          "preRotation": [
            -5.527523277481829e-8,
            0,
            -1.5902773549395624e-15
          ],
          "parentMatrixWorld": {
            "elements": [
              0.9996999926731639,
              0.024452240015072527,
              -0.0014186733027160524,
              0,
              -0.024452255583668023,
              0.9997009988904649,
              0.000006372391339469117,
              0,
              0.0014184049370787911,
              0.000028319281084898695,
              0.9999989936622643,
              0,
              -0.0005951121347500601,
              0.029692057005535455,
              -7.590036932292321e-11,
              1
            ]
          }
        }
      }
    },
    {
      "rotation": [
        -0.000005487133876158623,
        0.0007093227468430996,
        0.012227040715515614,
        0.9999250173568726
      ],
      "translation": [
        -0.0005951121347500601,
        0.029692057005535455,
        -7.590036932292321e-11
      ],
      "name": "mixamorigLeftHandMiddle3",
      "extras": {
        "transformData": {
          "eulerOrder": "ZYX",
          "translation": [
            -0.0005951121347500601,
            0.029692057005535455,
            -7.590036932292321e-11
          ],
          "preRotation": [
            -10.169366307140972,
            0,
            -3.975693351829396e-16
          ],
          "parentMatrixWorld": {
            "elements": [
              0.999338204154579,
              -0.03637103853142024,
              0.0005488840141581145,
              0,
              0.03637103825754947,
              0.999338354846129,
              0.00001048399579787874,
              0,
              -0.0005489021615252318,
              0.000009486423938638735,
              0.9999998493082011,
              0,
              0.0005065165223939287,
              0.03091328691370987,
              -3.561989592171244e-11,
              1
            ]
          }
        }
      },
      "children": [
        11
      ]
    },
    {
      "rotation": [
        2.4943423682088905e-7,
        -0.00027449196204543114,
        -0.01818852871656418,
        0.9998345375061035
      ],
      "translation": [
        0.0005065165223939287,
        0.03091328691370987,
        -3.561989592171244e-11
      ],
      "name": "mixamorigLeftHandMiddle2",
      "extras": {
        "transformData": {
          "eulerOrder": "ZYX",
          "translation": [
            0.0005065165223939287,
            0.03091328691370987,
            -3.561989592171244e-11
          ],
          "preRotation": [
            15.552175037479557,
            3.1805546814635168e-15,
            0
          ],
          "parentMatrixWorld": {
            "elements": [
              0.9954393630595549,
              0.09538974128508276,
              0.0011277961700372624,
              0,
              -0.0953053036366101,
              0.9949357615909868,
              -0.03193320564370365,
              0,
              -0.004168184901096203,
              0.031680084935405264,
              0.9994893688653994,
              0,
              -0.013375701046096033,
              0.168633826349324,
              -0.005368995253811737,
              1
            ]
          }
        }
      },
      "children": [
        12
      ]
    },
    {
      "rotation": [
        -0.015923509374260902,
        -0.0013256758684292436,
        0.047734275460243225,
        0.9987322688102722
      ],
      "translation": [
        -0.013375701046096033,
        0.168633826349324,
        -0.005368995253811737
      ],
      "name": "mixamorigLeftHandMiddle1",
      "extras": {
        "transformData": {
          "eulerOrder": "ZYX",
          "translation": [
            -0.013375701046096033,
            0.168633826349324,
            -0.005368995253811737
          ],
          "preRotation": [
            16.004230873633414,
            -0.000002970181057049906,
            2.625292909887876
          ],
          "parentMatrixWorld": {
            "elements": [
              0.9903692052734264,
              -0.07918792901804347,
              0.11356984140257703,
              0,
              0.07498506629768234,
              0.9963488258223594,
              0.04081981152878611,
              0,
              -0.11638761450732364,
              -0.03191064209236071,
              0.9926911069952129,
              0,
              -5.976608097313374e-11,
              0.3714289366282657,
              -2.8628364123761685e-9,
              1
            ]
          }
        }
      },
      "children": [
        13
      ]
    },
    {
      "rotation": [
        1.8239448416885104e-9,
        -2.7755576045460793e-17,
        5.20417056092831e-18,
        1
      ],
      "translation": [
        -0.0001697915418428786,
        0.027626002561626395,
        4.4917991548487635e-10
      ],
      "name": "mixamorigLeftHandRing4",
      "extras": {
        "transformData": {
          "eulerOrder": "ZYX",
          "translation": [
            -0.0001697915418428786,
            0.027626002561626395,
            4.4917991548487635e-10
          ],
          "preRotation": [
            2.0900868298681747e-7,
            -3.1805547318063384e-15,
            5.963540122136883e-16
          ],
          "parentMatrixWorld": {
            "elements": [
              0.9999579555439021,
              0.009091543258942522,
              -0.0011962395766726929,
              0,
              -0.009091560674399915,
              0.9999586708683212,
              -0.000009121352614969405,
              0,
              0.0011961072099633309,
              0.000019996653353162685,
              0.9999992844636117,
              0,
              -0.000498535887308818,
              0.03059142919352542,
              3.357721878316511e-10,
              1
            ]
          }
        }
      }
    },
    {
      "rotation": [
        -0.000007279577857843833,
        0.0005980929709039629,
        0.00454582367092371,
        0.9999895095825195
      ],
      "translation": [
        -0.000498535887308818,
        0.03059142919352542,
        3.357721878316511e-10
      ],
      "name": "mixamorigLeftHandRing3",
      "extras": {
        "transformData": {
          "eulerOrder": "ZYX",
          "translation": [
            -0.000498535887308818,
            0.03059142919352542,
            3.357721878316511e-10
          ],
          "preRotation": [
            -5.806633742791747,
            0,
            -4.3484146035634017e-16
          ],
          "parentMatrixWorld": {
            "elements": [
              0.9992506765152404,
              -0.03868896370543694,
              -0.0011178569980357577,
              0,
              0.03868896691161518,
              0.9992513014853791,
              -0.000018764181112507003,
              0,
              0.00111774602688624,
              -0.00002449861078436797,
              0.9999993750216372,
              0,
              0.0006683269195394831,
              0.03131809933178409,
              -1.7914858485568175e-10,
              1
            ]
          }
        }
      },
      "children": [
        15
      ]
    },
    {
      "rotation": [
        0.0000014338760365717462,
        0.000559005478862673,
        -0.019348107278347015,
        0.999812662601471
      ],
      "translation": [
        0.0006683269195394831,
        0.03131809933178409,
        -1.7914858485568175e-10
      ],
      "name": "mixamorigLeftHandRing2",
      "extras": {
        "transformData": {
          "eulerOrder": "ZYX",
          "translation": [
            0.0006683269195394831,
            0.03131809933178409,
            -1.7914858485568175e-10
          ],
          "preRotation": [
            21.033373491360617,
            0,
            0
          ],
          "parentMatrixWorld": {
            "elements": [
              0.9948234368004172,
              0.10158718736176871,
              0.0025245341040120157,
              0,
              -0.10145525069151375,
              0.9943260603317421,
              -0.031976838470108356,
              0,
              -0.005758647032030855,
              0.03155518111730946,
              0.9994854218848904,
              0,
              0.018277175986207983,
              0.15936905882704278,
              -0.0020818209388246967,
              1
            ]
          }
        }
      },
      "children": [
        16
      ]
    },
    {
      "rotation": [
        -0.01590561680495739,
        -0.0020737433806061745,
        0.050832875072956085,
        0.9985783696174622
      ],
      "translation": [
        0.018277175986207983,
        0.15936905882704278,
        -0.0020818209388246967
      ],
      "scale": [
        0.9999999999999999,
        0.9999999999999999,
        0.9999999999999999
      ],
      "name": "mixamorigLeftHandRing1",
      "extras": {
        "transformData": {
          "eulerOrder": "ZYX",
          "translation": [
            0.018277175986207983,
            0.15936905882704278,
            -0.0020818209388246967
          ],
          "preRotation": [
            7.127354239133028,
            -0.0000014096215736937562,
            -1.6163493876181148
          ],
          "parentMatrixWorld": {
            "elements": [
              0.9903692052734264,
              -0.07918792901804347,
              0.11356984140257703,
              0,
              0.07498506629768234,
              0.9963488258223594,
              0.04081981152878611,
              0,
              -0.11638761450732364,
              -0.03191064209236071,
              0.9926911069952129,
              0,
              -5.976608097313374e-11,
              0.3714289366282657,
              -2.8628364123761685e-9,
              1
            ]
          }
        }
      },
      "children": [
        17
      ]
    },
    {
      "rotation": [
        1.4580514640719351e-8,
        -1.3877787371153462e-16,
        1.2143065988704161e-17,
        0.9999999999999998
      ],
      "translation": [
        -0.00036381145439795537,
        0.02467727347296922,
        7.563869530713418e-10
      ],
      "name": "mixamorigLeftHandPinky4",
      "extras": {
        "transformData": {
          "eulerOrder": "ZYX",
          "translation": [
            -0.00036381145439795537,
            0.02467727347296922,
            7.563869530713418e-10
          ],
          "preRotation": [
            0.0000016708039040838492,
            -1.590277292722962e-14,
            1.3914926311325916e-15
          ],
          "parentMatrixWorld": {
            "elements": [
              0.9999204052304684,
              -0.012556358450551312,
              0.001233313957462162,
              0,
              0.012556344228505874,
              0.9999211658152207,
              0.000019274157904688137,
              0,
              -0.0012334587433998512,
              -0.0000037867089106731998,
              0.9999992392822915,
              0,
              -0.00006398458925747919,
              0.02745971415210935,
              3.653564117911401e-10,
              1
            ]
          }
        }
      }
    },
    {
      "rotation": [
        0.000005765331479778979,
        -0.0006167054525576532,
        -0.006278300657868385,
        0.999980092048645
      ],
      "translation": [
        -0.00006398458925747919,
        0.02745971415210935,
        3.653564117911401e-10
      ],
      "name": "mixamorigLeftHandPinky3",
      "extras": {
        "transformData": {
          "eulerOrder": "ZYX",
          "translation": [
            -0.00006398458925747919,
            0.02745971415210935,
            3.653564117911401e-10
          ],
          "preRotation": [
            7.119172119624618,
            3.1805546814635176e-15,
            0
          ],
          "parentMatrixWorld": {
            "elements": [
              0.9998643384150948,
              -0.016455262104232603,
              -0.0007274031418548164,
              0,
              0.016455265081857948,
              0.9998646029578263,
              -0.0000018915213611082967,
              0,
              0.0007273357791008396,
              -0.000010078346743997426,
              0.999999735440511,
              0,
              0.0004277962406636915,
              0.031169834870135693,
              4.378797324733341e-11,
              1
            ]
          }
        }
      },
      "children": [
        19
      ]
    },
    {
      "rotation": [
        0.000002046775762210018,
        0.00036369706504046917,
        -0.008227910846471786,
        0.9999660849571228
      ],
      "translation": [
        0.0004277962406636915,
        0.031169834870135693,
        4.378797324733341e-11
      ],
      "scale": [
        1,
        0.9999999999999999,
        0.9999999999999999
      ],
      "name": "mixamorigLeftHandPinky2",
      "extras": {
        "transformData": {
          "eulerOrder": "ZYX",
          "translation": [
            0.0004277962406636915,
            0.031169834870135693,
            4.378797324733341e-11
          ],
          "preRotation": [
            9.05763277460793,
            0,
            7.951386703658792e-16
          ],
          "parentMatrixWorld": {
            "elements": [
              0.9956816991731493,
              0.09231484166767606,
              0.009794083022433786,
              0,
              -0.09195938607684523,
              0.9952471505640177,
              -0.03204029871317667,
              0,
              -0.012705328281793826,
              0.031001281217584643,
              0.9994385900154511,
              0,
              0.044638319883305536,
              0.1400813461397561,
              -0.0020370795930962915,
              1
            ]
          }
        }
      },
      "children": [
        20
      ]
    },
    {
      "rotation": [
        -0.01577940583229065,
        -0.005631637759506702,
        0.04612412676215172,
        0.998795211315155
      ],
      "translation": [
        0.044638319883305536,
        0.1400813461397561,
        -0.0020370795930962915
      ],
      "name": "mixamorigLeftHandPinky1",
      "extras": {
        "transformData": {
          "eulerOrder": "ZYX",
          "translation": [
            0.044638319883305536,
            0.1400813461397561,
            -0.0020370795930962915
          ],
          "preRotation": [
            13.803474378202797,
            -0.0000015157540472422974,
            -1.9602964512289014
          ],
          "parentMatrixWorld": {
            "elements": [
              0.9903692052734264,
              -0.07918792901804347,
              0.11356984140257703,
              0,
              0.07498506629768234,
              0.9963488258223594,
              0.04081981152878611,
              0,
              -0.11638761450732364,
              -0.03191064209236071,
              0.9926911069952129,
              0,
              -5.976608097313374e-11,
              0.3714289366282657,
              -2.8628364123761685e-9,
              1
            ]
          }
        }
      },
      "children": [
        21
      ]
    },
    {
      "rotation": [
        0.018229594454169273,
        -0.057637907564640045,
        -0.03864283859729767,
        0.9974228143692017
      ],
      "translation": [
        -5.976608097313374e-11,
        0.3714289366282657,
        -2.8628364123761685e-9
      ],
      "scale": [
        1,
        1,
        0.9999999999999999
      ],
      "name": "mixamorigLeftHand",
      "extras": {
        "transformData": {
          "eulerOrder": "ZYX",
          "translation": [
            -5.976608097313374e-11,
            0.3714289366282657,
            -2.8628364123761685e-9
          ],
          "preRotation": [
            9.530651555632437,
            7.476706920298892,
            -1.6710273477363102
          ],
          "parentMatrixWorld": {
            "elements": [
              0.9999163916631655,
              4.1124456711845403e-7,
              -0.012930958078035976,
              0,
              -4.0519674756981707e-7,
              0.9999999999998073,
              4.703206915584942e-7,
              0,
              0.0129309580782269,
              -4.650417864716822e-7,
              0.9999163916631395,
              0,
              1.4763457678590441e-9,
              0.3613482931011618,
              -4.45047643182761e-9,
              1
            ]
          }
        }
      },
      "children": [
        6,
        10,
        14,
        18,
        22
      ]
    },
    {
      "rotation": [
        2.3384551184335578e-7,
        0.006465614307671785,
        2.0411459900060436e-7,
        0.9999790787696838
      ],
      "translation": [
        1.4763457678590441e-9,
        0.3613482931011618,
        -4.45047643182761e-9
      ],
      "name": "mixamorigLeftForeArm",
      "extras": {
        "transformData": {
          "eulerOrder": "ZYX",
          "translation": [
            1.4763457678590441e-9,
            0.3613482931011618,
            -4.45047643182761e-9
          ],
          "preRotation": [
            4.174228605831113,
            -7.678233568609357e-8,
            20.121423587422196
          ],
          "parentMatrixWorld": {
            "elements": [
              0.9761527758085459,
              -0.030381582356168946,
              -0.2149481742982373,
              0,
              -0.019154912032936955,
              0.9742415637499626,
              -0.22469193287323397,
              0,
              0.21623794191959125,
              0.22345096734369885,
              0.9504266502251987,
              0,
              -1.7210413649770828e-11,
              0.17926177927225573,
              -5.621125787058645e-10,
              1
            ]
          }
        }
      },
      "children": [
        23
      ]
    },
    {
      "rotation": [
        -0.1134510487318039,
        0.10915829986333847,
        -0.002842123620212078,
        0.9875248074531555
      ],
      "translation": [
        -1.7210413649770828e-11,
        0.17926177927225573,
        -5.621125787058645e-10
      ],
      "name": "mixamorigLeftArm",
      "extras": {
        "transformData": {
          "eulerOrder": "ZYX",
          "translation": [
            -1.7210413649770828e-11,
            0.17926177927225573,
            -5.621125787058645e-10
          ],
          "preRotation": [
            37.14467089636959,
            14.177760549279618,
            1.2949152434006327e-7
          ],
          "parentMatrixWorld": {
            "elements": [
              -0.01915568134771206,
              -0.007107538977848549,
              -0.999791253225979,
              0,
              0.9742410003719755,
              -0.22486257869764614,
              -0.01706758997332969,
              0,
              -0.22469432643417517,
              -0.9743645684870542,
              0.011231847314284947,
              0,
              0.0802786648273468,
              0.18131058668362732,
              -0.0034142285912191206,
              1
            ]
          }
        }
      },
      "children": [
        24
      ]
    },
    {
      "rotation": [
        -0.5464602112770081,
        -0.4424537420272827,
        0.5601897239685059,
        -0.4379536509513855
      ],
      "translation": [
        0.0802786648273468,
        0.18131058668362732,
        -0.0034142285912191206
      ],
      "scale": [
        1,
        1,
        0.9999999999999999
      ],
      "name": "mixamorigLeftShoulder",
      "extras": {
        "transformData": {
          "eulerOrder": "ZYX",
          "translation": [
            0.0802786648273468,
            0.18131058668362732,
            -0.0034142285912191206
          ],
          "preRotation": [
            -63.85752579210542,
            87.55635720749689,
            179.91337835260433
          ],
          "parentMatrixWorld": {
            "elements": [
              1,
              -7.573064690121713e-29,
              -5.2548689280034496e-46,
              0,
              7.573064690121713e-29,
              1,
              1.3877786980633844e-17,
              0,
              -5.2548689280034496e-46,
              -1.3877786980633844e-17,
              1,
              0,
              0,
              0.1962276567249568,
              -2.1290351426284104e-10,
              1
            ]
          }
        }
      },
      "children": [
        25
      ]
    },
    {
      "rotation": [
        -4.252068156871519e-9,
        1.110223086940385e-16,
        8.326673225814517e-17,
        1
      ],
      "translation": [
        -0.009362172320542816,
        0.023918449908724604,
        4.598487701734655e-10
      ],
      "name": "mixamorigRightHandThumb4",
      "extras": {
        "transformData": {
          "eulerOrder": "ZYX",
          "translation": [
            -0.009362172320542816,
            0.023918449908724604,
            4.598487701734655e-10
          ],
          "preRotation": [
            -4.872511191814178e-7,
            1.2722219480505794e-14,
            9.541664610379346e-15
          ],
          "parentMatrixWorld": {
            "elements": [
              0.9237332557244962,
              -0.3829135252376248,
              -0.009701081229236649,
              0,
              0.3828945647246882,
              0.9237841752966275,
              -0.003815270602232662,
              0,
              0.010422624008038265,
              -0.00019019876858911156,
              0.9999456648927777,
              0,
              0.0007055875380825305,
              0.03837842809329217,
              6.646294625767268e-11,
              1
            ]
          }
        }
      }
    },
    {
      "rotation": [
        -0.0009240583167411387,
        0.0051296851597726345,
        -0.1952102929353714,
        0.9807475805282593
      ],
      "translation": [
        0.0007055875380825305,
        0.03837842809329217,
        6.646294625767268e-11
      ],
      "name": "mixamorigRightHandThumb3",
      "extras": {
        "transformData": {
          "eulerOrder": "ZYX",
          "translation": [
            0.0007055875380825305,
            0.03837842809329217,
            6.646294625767268e-11
          ],
          "preRotation": [
            -3.3029861519568535,
            0,
            0
          ],
          "parentMatrixWorld": {
            "elements": [
              0.9885095143035806,
              -0.15113229740936057,
              -0.002822985378658694,
              0,
              0.15113304130487498,
              0.9885134301951195,
              0.00005084338167531989,
              0,
              0.0027828748837278256,
              -0.0004769055242894501,
              0.9999960140763829,
              0,
              0.008656585609179368,
              0.050669955075922424,
              -6.736811108964957e-11,
              1
            ]
          }
        }
      },
      "children": [
        27
      ]
    },
    {
      "rotation": [
        0.00013231787306722254,
        0.001405508373863995,
        -0.0757843479514122,
        0.9971232414245605
      ],
      "translation": [
        0.008656585609179368,
        0.050669955075922424,
        -6.736811108964957e-11
      ],
      "name": "mixamorigRightHandThumb2",
      "extras": {
        "transformData": {
          "eulerOrder": "ZYX",
          "translation": [
            0.008656585609179368,
            0.050669955075922424,
            -6.736811108964957e-11
          ],
          "preRotation": [
            1.7168625879931134,
            0,
            3.1805546814635168e-15
          ],
          "parentMatrixWorld": {
            "elements": [
              0.9143595853201772,
              -0.4048292363957393,
              -0.007735285477041387,
              0,
              0.3700257267790498,
              0.8276896046059629,
              0.4219133477451073,
              0,
              -0.16440044648298446,
              -0.3886427676454183,
              0.9066031593754839,
              0,
              0.030729273568857553,
              0.05249027309584631,
              0.02071744239456974,
              1
            ]
          }
        }
      },
      "children": [
        28
      ]
    },
    {
      "rotation": [
        0.21217140555381775,
        -0.04100871831178665,
        -0.20282626152038574,
        0.955072283744812
      ],
      "translation": [
        0.030729273568857553,
        0.05249027309584631,
        0.02071744239456974
      ],
      "scale": [
        1,
        0.9999999999999999,
        1
      ],
      "name": "mixamorigRightHandThumb1",
      "extras": {
        "transformData": {
          "eulerOrder": "ZYX",
          "translation": [
            0.030729273568857553,
            0.05249027309584631,
            0.02071744239456974
          ],
          "preRotation": [
            19.092606124983757,
            0.0000026877491491845765,
            -20.09827616558168
          ],
          "parentMatrixWorld": {
            "elements": [
              0.993120502333159,
              0.08349455685626313,
              -0.08209949627369252,
              0,
